547590045996470261225144068564632591573787420865767654212444036810572966678309584960972626
777469094681032974328164904149749600259672136934210403710935407987419571508025184041271895
067424156324469024810966606852261431391688357761512441188128187458484503164121214384836360
742836216967714420625882111057022247970965942848303921794789346337737893197243612818268465
250465877044258806243922230727023881404970938005953190967778288998431676016702769147989927
719939182760311480334264809421162220015621090135416401880927503987522127265969654408291660
790352126419357164108533856843237323171953026076531105728648328324923086143326956880262885
203796912258527629468067372572383012312176987519524843551719189468646956945850613317182997
989942974331541493738246229851690400679853822266008368822574537577425351978286434342026984
605691841085815076342812086868023146780043716604629194888656921833024316612560619555137422
446188904342302733188575919468514004498619801759424982795897844061952346726879066178817850
934595446457909109453837848675711241549430795712234153989264410262939683540458865005615713
268101445833037375744808596085053241804888891701971868711759992716579549993335302912988330
587350904650760602395488347207624117794040982092935808682384669215975260316456957005280536
323748748451859327148084313706338115025237168232332534517867166295513314043649722568822723
980570806206350360190837033224939468341892520615348593265252930033163747357910048800707270
329959279250125176893733926396824275827180145794109603384095258309396482826564465328137465
494645467473805118722935849245504408363355846668577679514586108364779800765168640592142304
039838955302308914087893023063252032349069709839176651451588638893935334633671625047109023
175942570562397231739366947453236019232243950959163541616500487920026686827091185458918470
395565313445637882007182680733646365466964964492493047008454896836188780586371966370294876
198020858848707820674621729887685898963936365043959397213677672399150215969434394621340356
476956194967721227263377291913870111556540279774436032833389518938555906361035170116045111
581111048932758951598288290256975575396734603373938570048755291566401584397815342661811437
979695992858063766385621604576552328916703837820995591294013715783944373602881462604795099
961134208159255804708926010191436116381452002653737716505049107799043258685780634928186042
043269235310046607045310234994163743652142826561145366664556272951154058573009377757365555
43797882713184445755824314743287083
