752756528841875537911878995753042707647403949554360208367234
877025624409540203682761921093915508418655852799100141664622
335039455920022213609629067262019404612608900257336038659394
515010131767517305770031660647162848609109822750643234640501
869740955176655922145570708435217100522986867976006579678556
886154064634200401859738311135275046545253349948244695029660
140086807289271141101862789519751792359117649145998563961368
942821022739792392716620716795592972055314693267400368927621
775645833555066476806996288903284102193917193424100068717536
343788993196099054983601286805432602788326469869468644448618
558376266945936822260704639989072737441301312016573245856870
596451013862168846041144962976913828840204703903519058925554
216678932337578982416183815574423593903203140061821312979288
304894805529113548445359754020916457961543405670043499378618
149742163277100368075376976838192481235095913624354114215289
486427358337371249645934091262158698478769080944913191018283
682299227448548572620178211758775226399248736351823883253425
428859608839822967748417750750768678997191631591453855893210
333524224040810300416007274952248435723849035137713609019261
006737832050925751968653488941495762445378969236893490220931
960617082372175080757226428538037
