880398969251452887308660917504486182562846904076287121291763
168719274136746566491678268037510905591990771798869782714420
383346558397372393848950944120645649208321456758294667377506
618947318155191556866564510660193561519685221217401809653517
643739084470712009338319620153911750948178187377988580670621
276663435429513039194166524665848331078509242778461325908028
625612645176647057551931509423846025480365963513278356214803
825583621656344773968156935822116713294271209716208332966958
714033498575400100929432657699444697408341784580190674105709
745459315906374144815643729066799108493717417753626735266610
965158888422349537481792575479701428877195230383568296602594
553805793662138189357884360599766137250987445388558207947305
949875916134750004434379767332412127692481777269654899411040
863041093873128187130822708039864773659377990453077182559620
579273207601721543020232868137483373438109337018806333516965
007507716183075768926336370269493707028653198744031420944067
462865900096 247705191920717575149703524335706216759290920064
723973507925674189242744371890566278426602689696896442712046
610306732798031648865549772061987449249681612534599958604135
136995325790860158962960039727556175624948552406762985831640
742320290062631120287472335619521
